

#include "PieceSquareTable.h"

Score wpBoard[SQUARE_NB] = { 
    0, 0, 0, 0, 0, 0, 0, 0, 0, 0, -10, -20, -20, 0, 5, 0, 3, 10, 8, 8, 8, -3, 10, 3, 5, 2, 13, 15, 15,
    8, -3, 5, 6, 7, 15, 17, 17, 9, 7, 6, 26, 27, 31, 31, 31, 29, 27, 26, 56, 57, 61, 61, 61, 59, 57, 56,
    0, 0, 0, 0, 0, 0, 0, 0,
};

Score bpBoard[SQUARE_NB] = { 
    0, 0, 0, 0, 0, 0, 0, 0, 56, 57, 61, 61, 61, 59, 57, 56, 26, 27, 31, 31, 31, 29, 27, 26, 6, 7, 15, 17,
    17, 9, 7, 6, 5, 2, 13, 15, 15, 8, -3, 5, 3, 10, 8, 8, 8, -3, 10, 3, 0, 0, -10, -20, -20, 0, 5, 0, 0, 0,
    0, 0, 0, 0, 0, 0,
};

Score NBoard[SQUARE_NB]  = { 
    -40, -15, -10, -10, -10, -15, -10, -40, -10, 2, 5, 5, 5, 5, 2, -10, -10, 7, 8, 8, 8, 8, 7, -10, -10,
    8, 10, 10, 10, 10, 8, -10, -10, 8, 10, 10, 10, 10, 8, -10, -10, 7, 8, 8, 8, 8, 7, -10, -10, 2, 5, 5,
    5, 5, 2, -10, -40, -10, -10, -10, -10, -10, -10, -40,
};

Score wBoard[SQUARE_NB]  = { 
    -40, -5, -5, -5, -5, -5, -5, -40, 4, 10, 4, 6, 6, 4, 10, 4, 4, 4, 4, 5, 5, 4, 4, 4, 6, 7, 20, 6, 6, 20, 7,
    6, 5, 20, 4, 6, 6, 4, 20, 5, 4, 4, 4, 4, 4, 4, 4, 4, 4, 4, 4, 4, 4, 4, 4, 4, -40, -5, -5, -5, -5, -5, -5, -40,
};

Score bBoard[SQUARE_NB]  = {
    -40, -5, -5, -5, -5, -5, -5, -40, 4, 4, 4, 4, 4, 4, 4, 4, 4, 4, 4, 4, 4, 4, 4, 4, 5, 20, 4, 6, 6, 4, 20, 5,
    6, 7, 20, 6, 6, 20, 7, 6, 4, 4, 4, 5, 5, 4, 4, 4, 4, 10, 4, 6, 6, 4, 10, 4, -40, -5, -5, -5, -5, -5, -5, -40,
};


Score wRBoard[SQUARE_NB] = {
    5, 10, 10, 10, 10, 10, 10, 5, 5, 10, 10, 10, 10, 10, 10, 5, 5, 10, 10, 10, 10, 10, 10, 5, 5, 10, 10, 10, 10, 
    10, 10, 5, 5, 10, 10, 10, 10, 10, 10, 5, 15, 20, 20, 20, 20, 20, 20, 15, 40, 50, 50, 50, 50, 50, 50, 40, 20, 
    30, 30, 30, 30, 30, 30, 20,
};

Score bRBoard[SQUARE_NB] = {
    20, 30, 30, 30, 30, 30, 30, 20, 40, 50, 50, 50, 50, 50, 50, 40, 15, 20, 20, 20, 20, 20, 20, 15, 5, 10, 10, 10, 
    10, 10, 10, 5, 5, 10, 10, 10, 10, 10, 10, 5, 5, 10, 10, 10, 10, 10, 10, 5, 5, 10, 10, 10, 10, 10, 10, 5, 5, 10, 
    10, 10, 10, 10, 10, 5,
};


Score WhiteKingMidGameTable[SQUARE_NB] = {
      35,   40,   35,    0,    0,    0,   35,   35, 
      35,   35,   -2,   -2,   -2,   -2,   -2,   35, 
     -10,  -10,  -10,  -10,  -10,  -10,  -10,  -10, 
     -40,  -40,  -50,  -50,  -50,  -50,  -40,  -40, 
     -70,  -70,  -85,  -85,  -85,  -85,  -70,  -70, 
     -90,  -90, -115, -115, -115, -115,  -90,  -90, 
    -150, -165, -165, -165, -165, -165, -165, -150, 
    -200, -200, -200, -200, -200, -200, -200, -200,
};


Score BlackKingMidGameTable[SQUARE_NB] = {
     200, -200, -200, -200, -200, -200, -200, -200,
    -150, -165, -165, -165, -165, -165, -165, -150, 
     -90,  -90, -115, -115, -115, -115,  -90,  -90,
     -90,  -90, -115, -115, -115, -115,  -90,  -90,
     -70,  -70,  -85,  -85,  -85,  -85,  -70,  -70,
     -10,  -10,  -10,  -10,  -10,  -10,  -10,  -10,
      30,   35,   -2,   -2,   -2,   -2,   -2,   35,
      35,   40,   35,    0,    0,    0,   35,   35,
};


Score KingEndGameTable[SQUARE_NB] = {
    -10,  -8,  -4,   1,   1,  -4,  -8, -10, 
     -8,   4,   8,  14,  14,   8,   4,  -8, 
     -4,   8,  18,  24,  24,  18,   8,  -4, 
      1,  14,  24,  31,  31,  24,  14,   1, 
      1,  14,  24,  31,  31,  24,  14,   1, 
     -4,   8,  18,  24,  24,  18,   8,  -4, 
     -8,   4,   8,  14,  14,   8,   4,  -8, 
    -10,  -8,  -4,   1,   1,  -4,  -8, -10, 
};


Score LoneKingLosingEndGameTable[SQUARE_NB]  = {
    -326, -285, -254, -223, -223, -254, -285, -326,
    -285, -221, -188, -161, -161, -188, -221, -285, 
    -254, -188, -142, -115, -115, -142, -188, -254, 
    -223, -161, -115,  -85,  -85, -115, -161, -223, 
    -223, -161, -115,  -85,  -85, -115, -161, -223, 
    -254, -188, -142, -115, -115, -142, -188, -254, 
    -285, -221, -188, -161, -161, -188, -221, -285, 
    -326, -285, -254, -223, -223, -254, -285, -326,
};

Score LongKingWinningEndGameTable[SQUARE_NB] = {
    -496, -327, -327, -327, -327, -327, -327, -496,
    -327,    0,    0,    0,    0,    0,    0, -327,
    -327,    0,    0,    0,    0,    0,    0, -327,
    -327,    0,    0,    0,    0,    0,    0, -327,
    -327,    0,    0,    0,    0,    0,    0, -327,
    -327,    0,    0,    0,    0,    0,    0, -327,
    -327,    0,    0,    0,    0,    0,    0, -327,
    -496, -327, -327, -327, -327, -327, -327, -496,
};

